9847
4449
7368
5841
1750
4326
6326
10305
4272
7604
6569
5078
10154
2794
9271
7023
1213
3113
317
9562
10033
8815
9982
1619
3971
2867
9259
8864
3008
4573
4320
8704
8022
6760
6455
6854
8041
6949
1808
1271
2910
6356
5707
5072
1970
566
10006
6172
2032
1209
8082
2178
6606
1354
5407
5882
2818
4836
5774
7115
8991
6400
10117
2239
4913
2278
6170
814
9536
10035
3210
6048
3647
4263
2780
9673
9871
4806
7518
7605
8261
9794
1587
10306
3329
8389
1663
4192
8919
5763
5994
4385
4921
7707
4187
6471
6390
7691
2057
7346
2465
4336
2776
7180
3084
8199
4014
498
2418
7938
7075
4481
9032
7379
4100
3949
8524
4158
250
2060
5817
6501
7241
10319
7246
3745
4743
9249
5902
4788
9788
355
1280
5792
1787
5822
3066
1668
10187
3718
4920
8301
500
5844
6826
2948
9190
963
8078
3338
4392
9067
8591
3712
4646
4546
5490
961
6690
1547
3871
3122
8835
5678
678
6624
4186
7460
8059
7194
3295
3309
8102
3758
9651
9169
6953
5728
6867
7647
4643
5986
4911
7847
324
4463
9686
1667
7711
8851
4253
5024
5299
2366
5006
8305
1971
7239
7589
4316
4981
10099
1636
6256
1128
3241
4022
3774
1763
4292
3569
1240
8692
2887
2833
5468
2044
7538
3247
9015
9239
2430
6725
7762
7683
6325
5405
4412
1744
7060
6278
4595
8751
1155
1492
3226
6120
6962
9486
8710
1963
9025
4671
9902
6269
1713
6086
8963
4796
0
5506
5515
301
7175
3629
2201
3219
2483
4172
362
4797
4534
4229
4479
4999
736
3137
4898
5487
2526
3121
8861
5077
4334
147
4625
4036
4041
8690
5619
1365
5899
9989
1635
1784
6888
5702
2141
8516
1496
8027
2335
7135
8999
2744
6720
369
7283
97
434
4113
1337
9000
4045
7107
4205
8202
6787
4967
5148
6051
5725
9176
2824
7872
5622
8075
7988
895
6532
6795
3011
3581
1395
713
7637
6778
3035
7613
4698
6469
10232
6317
7132
9106
4647
7376
5280
5931
3345
2582
6068
4780
6123
8766
871
2761
4416
2000
7775
3452
5737
5605
5785
4151
9173
5784
9765
5013
10152
5334
3431
5701
9708
1800
8543
4841
5182
1771
2583
3079
5601
8893
2017
5375
10044
5608
3651
1303
8719
3696
8484
8141
733
7741
9500
7918
483
5239
3196
3959
4553
1469
8136
10251
8128
5716
4278
7362
946
3870
2388
9621
464
4600
9102
8612
8416
8504
5442
3658
6540
4087
10347
7821
6574
2790
1036
8140
192
8019
10177
6228
9223
8763
2091
6772
3831
9348
1950
10046
6167
8288
2812
10321
2393
1471
7939
2196
3965
4351
7390
2073
9728
7047
1228
777
5726
1328
4504
8464
8434
5041
5118
4029
10032
2450
8790
6858
1593
6973
3772
1528
7406
5012
1702
675
4120
10109
8573
7552
7459
2906
7881
9678
10007
6682
7701
3977
3657
7577
3881
4444
2814
9632
1936
4786
2671
3424
2216
8255
2674
9291
1302
9776
7517
4842
4808
539
6984
9790
1738
2460
951
2755
3961
4587
61
3428
7742
5288
9
8880
2756
2807
4665
7463
3437
2651
7127
5578
8529
6202
6336
1295
3346
10198
2380
6553
7899
4168
4939
3450
2191
528
5357
8792
7088
4094
964
7392
5946
9675
852
1172
6434
6183
1312
5923
2083
8689
6683
6104
10170
5057
2661
1460
6433
7991
1928
7446
9132
1418
5425
8446
4233
1051
5723
9701
8805
7430
9170
5119
4778
5117
3483
6375
1864
1873
7909
8049
389
978
4559
874
1044
2993
877
10053
9554
9119
9610
3791
8956
6082
4423
1522
3141
10139
9933
2350
6497
4465
833
3268
3140
4237
10061
5615
4717
9368
7692
6322
4492
7750
3109
395
628
6198
432
7350
9582
6244
4539
5738
253
2181
6771
2230
3224
7199
8889
5122
7534
667
7437
4630
3851
7610
5308
8536
5100
2797
8337
7447
2484
1561
9817
8162
4132
572
7808
2111
8263
7005
5863
6676
9520
8217
5427
1216
6315
4690
4363
6934
8322
5142
7061
7786
7358
8235
347
7555
127
1382
6226
1452
318
87
7829
7319
6331
8552
9926
5391
9603
6774
8820
7746
6597
6403
2016
1876
2579
7736
5932
6592
19
9674
2704
1964
1488
6988
8244
8126
9431
6293
969
5543
3101
4644
4275
8444
4769
1367
7828
3302
8068
4729
5625
4866
8976
6116
10079
8716
69
7450
6897
4603
8580
4161
3857
2027
2422
6054
970
648
1033
8597
9494
138
5390
8220
2558
8327
62
3737
4222
236
3813
4090
13
9499
5641
1299
1258
1245
8759
2244
4024
9496
7662
2677
8109
1105
4761
1998
7234
10063
5392
3719
4530
686
1495
4979
1229
6000
9799
9377
1855
1520
8513
646
7761
1453
8903
2740
8125
8182
7756
6954
6010
547
6925
8181
6163
9238
4051
3803
1153
5317
288
4419
8775
8742
3811
9129
5793
1673
8211
4691
2886
739
5293
5965
9200
1795
3192
9297
1439
6171
3037
2808
86
124
3894
1472
2487
7029
6074
7705
5679
9758
4900
1403
4853
3509
679
9522
7864
651
6711
9590
248
6084
1102
7271
3976
7787
6035
2719
8683
4707
4589
9517
74
1759
340
7984
6480
6257
4519
8230
5417
6090
8643
692
3441
7401
5969
4932
8048
6749
10143
9409
6041
2476
3630
1617
8596
4210
7016
10028
910
2611
1015
5414
9322
5268
5228
8210
5410
1788
3182
5092
4234
5156
2615
5445
2397
6794
4470
6069
8264
8339
7028
6526
7146
3510
5922
5770
6348
4129
9629
1576
2138
997
5831
705
3516
6280
2961
9707
219
4459
6143
6351
6321
527
1212
2981
4167
6067
888
9063
1425
4964
4835
424
5031
1207
2834
9780
4640
3088
2455
2161
5491
9340
7957
8960
8272
7413
4327
8773
800
3461
2972
5220
6330
3761
7885
4183
5090
4243
8360
5977
2656
8965
834
579
364
9484
4333
134
7189
6347
7922
956
2884
5858
6836
6673
5632
9137
8946
3506
4598
7907
1939
3577
3202
8984
2569
5520
9393
2650
6769
7658
9013
8456
4679
6693
3699
4174
7397
600
8466
3730
3091
3646
7204
9349
5697
7771
3376
10105
8187
3027
9718
6277
2377
6408
9620
6750
7078
584
7717
8057
3677
3563
2341
7096
3344
2968
2680
1026
8538
3640
8870
7009
6870
8687
7426
3379
7698
1478
2039
8729
9960
6909
5872
5561
2022
6694
3169
8515
7308
9146
1193
5762
6057
7509
9421
3278
3334
5069
3720
2088
5913
933
6160
2272
5630
386
5116
1285
3312
6607
2787
4757
4996
9439
4415
5594
3042
10122
5262
2625
2644
1371
9823
3034
1134
9158
8650
1330
1651
2641
4855
8500
3539
4754
4441
1335
7704
5461
7544
9250
684
7919
4744
3751
4357
8557
853
66
2998
6094
1497
2466
8208
7071
6777
3288
10337
5467
3102
657
2261
5351
3321
1798
8241
2313
212
5034
5799
1841
564
1331
2976
1816
2259
4905
610
6710
9376
9784
2822
10168
3492
4156
8482
828
9008
7617
6805
4862
8840
6966
9225
2642
3439
6490
2416
4025
9260
8953
343
6670
9136
3854
3199
6085
6736
714
2077
9270
6806
5539
2637
8476
7708
7087
3683
232
3038
2936
2970
6108
4443
6756
2034
4581
304
5764
1579
4335
1113
9640
9272
10106
3399
149
6799
7887
1637
4565
10259
8469
5992
3844
8895
9096
2151
642
6367
1948
6088
7678
4822
4071
5686
4367
3315
3297
622
3872
7363
6031
1634
3830
5199
1523
3548
7138
5267
3300
4860
4437
9261
680
1467
1394
5878
5474
8124
3860
6018
10126
3606
8519
2602
5960
4604
7772
7444
7849
6276
5832
10140
5501
9057
6605
971
2580
5053
6075
6620
1892
3672
8545
3992
2931
6032
6417
5383
4279
41
9830
2603
9846
2693
6557
1888
6047
7932
9209
10005
4189
9953
6747
3456
2796
10014
5659
7614
5643
308
4047
8595
3507
2432
9332
3001
2868
2437
6830
5527
3572
9246
3154
3504
4436
1935
3094
3649
5309
3964
7122
1680
9267
5411
9058
8351
7053
1560
1614
1324
7166
7671
3364
2769
446
7233
224
4177
1725
7595
5424
9330
8165
3723
5155
8945
2222
5213
1555
8214
6910
7272
2748
8198
1149
1445
1907
6450
2738
1596
9772
3189
8694
7547
7403
5731
2524
7143
6981
5144
3076
6289
8222
7323
3975
7898
2011
8761
9792
2371
346
8450
9042
10081
76
1296
3292
8743
6117
927
2064
5504
5544
2816
8887
8544
2118
3925
477
4512
2899
4058
8691
3242
1932
4319
10240
3896
6319
615
9639
2097
4500
314
6327
3232
3025
9292
862
2675
6764
5290
2084
2853
7993
3780
7125
9412
8458
2753
7136
6212
10315
901
350
3468
9337
5261
4933
618
2475
2965
4434
843
190
10340
3567
9577
5272
8626
6431
6945
1648
3622
1430
2338
377
2601
4197
99
229
7327
8356
5322
2076
3834
2221
3787
8119
4034
4330
9936
20
1343
616
8740
9334
836
7928
1013
3946
1753
9932
1468
6801
4241
4211
3143
3560
9344
4718
5661
2665
6
1654
3260
1432
1856
10199
8938
472
504
9956
1518
7081
4311
2048
300
8134
665
2
1817
10335
132
7341
5385
404
2472
6617
9571
200
6445
6166
2800
6535
6745
2125
6012
8944
4890
3836
2139
8528
9087
4144
906
3711
10065
2354
2940
8440
3251
7365
6119
6580
6824
9092
534
2546
8115
8658
5428
7228
5126
9858
3100
5075
5165
9928
3058
7967
5983
6456
10225
7216
2481
2687
4747
9857
4935
2660
9110
3327
6159
1097
4239
2878
4354
7713
8633
986
4190
3915
835
1682
943
8556
8204
479
9723
3296
6274
6868
242
2395
9690
5202
3604
2505
4582
7264
5246
2249
5204
7535
658
3498
2533
1778
7923
8823
3997
2620
5441
2560
4176
1156
6392
3217
9622
251
9398
1292
4753
6697
488
2340
5663
5454
470
9244
8924
7801
7760
5108
3478
10284
5804
7219
3355
5222
7659
7652
8569
478
6098
1631
9438
1100
8592
4823
7152
5809
8258
532
2922
6668
8783
973
4543
6232
49
3547
3434
7672
7630
4791
9361
1434
4685
6660
452
2825
2325
8062
7220
137
449
9671
2598
6781
9411
9329
3804
9463
6730
7998
4083
4523
9608
8712
141
898
119
4429
6297
2065
9457
8196
7235
5234
875
2467
1463
5243
9986
2453
8776
1242
279
7370
4990
7095
7997
3403
2353
7253
9644
1568
650
4616
2160
7673
3526
441
3920
3285
9609
3642
5160
8122
4892
7744
3671
3740
5128
3186
8282
4678
6906
1098
6134
2115
10348
1288
7130
305
1653
7703
4872
7573
2015
9682
7773
2860
6707
1854
5324
9101
9188
9211
9179
710
2310
5972
6738
4896
58
9383
5354
3003
8512
8654
8908
4738
5556
1804
5238
1791
9543
9194
9518
2597
5081
10010
1826
8387
912
6021
435
4380
580
9350
2933
7596
5094
2864
7531
2122
10301
6995
5167
5344
45
8262
7378
2554
5409
5949
4879
9578
7455
7572
2941
3598
2838
5404
4777
4692
10012
411
6130
6286
8514
8190
7835
5754
6219
5639
5572
233
685
4248
2153
3863
7267
704
2525
1214
2479
4664
2295
7735
7490
3795
2332
5919
578
9919
113
5666
9353
1412
6969
7633
4146
7097
900
4230
8189
8307
3061
8250
8104
3862
1314
5440
5851
4273
1319
5596
5895
1459
2322
1897
1815
6360
5172
7904
3518
9425
5727
7186
7326
2739
4453
10274
3151
8812
1869
10248
4844
4312
1853
5124
4404
2577
2038
804
4193
9226
2935
9937
3261
3786
5917
6960
2462
3508
5665
5014
4516
5035
82
4550
1249
156
4079
4150
3582
3709
6349
7000
7415
1108
5211
1406
873
4650
9548
2029
6534
5028
3216
9427
4184
3749
10039
9097
9927
4093
8108
8959
5569
581
9749
7565
3823
222
6734
1765
1530
8954
3352
9687
5379
9899
169
7351
5827
1658
5152
8904
10062
2575
8366
6014
3911
2596
5434
5565
2074
8828
2707
3715
9034
3473
155
4499
5157
5423
9664
6851
407
9528
2729
1737
3227
9841
6568
3541
4873
10000
4959
7767
8540
4958
341
10160
5747
2652
6563
9530
6227
6479
271
1140
2149
10299
5915
6011
3679
2052
4551
9998
8406
7335
9981
5146
6616
3489
3377
9010
5662
1167
1300
5018
5190
9216
72
7433
7054
3409
6384
5135
8753
7147
8622
7624
9045
5336
6292
8207
4324
1860
9850
2495
6121
4257
406
2574
8010
8341
1123
682
5492
2750
8554
3279
8112
1563
5950
9770
2267
7101
4961
3956
2989
7356
1374
8905
480
5301
1863
6860
1129
8636
3000
7876
4976
2435
5987
8810
8120
7582
5907
4000
10167
3928
5496
7869
10089
7889
5786
2503
6343
1499
7468
2781
7782
9419
6440
4949
909
7254
6564
9262
8940
7174
9515
4466
1004
8280
5815
6056
7416
7238
4918
7104
5710
5179
8774
9171
5586
9218
6763
8894
3873
1842
905
10076
8042
8233
4378
889
7458
6304
5610
6882
10224
9832
1256
8718
3215
7820
4482
10189
9533
6737
6920
3636
8814
5696
1790
6126
9320
6451
4741
5611
8967
3253
1578
3184
4198
269
8380
4833
1190
9808
5019
6997
7361
9115
2096
3561
755
4260
7903
56
5612
3177
5951
10166
3020
2250
940
2284
3378
8562
4265
1895
4845
2725
2243
3609
5677
7520
8033
2854
6002
585
4681
7372
1706
2782
4269
641
5521
2163
9721
4785
5833
4779
10228
866
5284
9798
5486
9617
1198
2551
6779
4993
8931
7282
5968
5066
4974
4991
2179
907
299
2063
3051
4987
7491
9143
4626
8777
9740
7791
5551
8589
4538
9338
3203
6486
6095
8004
5061
9084
3391
4165
3568
8265
1562
3532
9916
5177
4700
673
9652
7333
3943
3019
6967
1699
5443
8822
7720
4452
3632
9278
10019
1255
1380
2042
8157
2820
5369
831
226
2227
7763
129
9954
4735
6950
1981
8791
4586
398
7858
3451
9653
2528
6209
3889
8074
2269
4201
6127
3168
10287
1329
2045
9090
3996
5507
6731
3732
6986
4702
5349
3688
6161
3348
2349
7316
5276
4894
485
7721
1176
842
4982
506
2126
7569
4764
2679
2875
1505
786
4739
9503
3347
4564
1348
6188
10217
384
8475
8817
9532
2078
9840
8978
3384
5957
4149
4998
781
6499
8400
266
7049
6415
7768
1438
9474
1703
8072
2174
2978
8303
1422
2572
8681
7119
8929
7930
7198
5
2785
2013
2251
756
10127
2463
4361
503
5836
607
2128
6437
3589
1039
7026
6102
9563
4390
2360
7043
1077
8511
14
8977
7865
921
9944
9891
3848
6359
9658
3652
9934
6886
9545
3325
2020
7541
1441
4397
6052
7265
3273
2609
8032
4978
6055
9104
5451
3785
5573
5593
8720
9205
837
5674
3330
7494
9080
7252
9453
747
7901
5305
9445
1169
8388
2802
6398
832
303
1681
7873
7058
1368
6881
9616
2573
8662
2389
9713
6059
2095
8335
333
7607
8296
7355
10216
7890
7080
2784
891
7925
5760
7601
2448
3313
4112
4084
5645
6784
5302
3676
8312
5356
3833
2889
7338
9942
7807
8345
7591
8862
5828
7082
2082
6619
4255
8868
10002
5675
7442
9557
8962
2904
3697
6049
9149
321
5873
7712
2192
1741
6019
3952
365
5776
7436
7732
5729
5656
9369
1582
3207
2292
7657
1731
2518
9695
4483
3727
9213
1926
5564
1722
1187
7515
6461
744
445
1423
1912
7171
9598
3624
6587
1960
1254
5219
7349
3815
7214
6254
10073
4527
2334
10112
7650
5985
3412
8922
9977
7128
3641
9366
9430
990
6918
3979
2567
4815
3781
3690
7240
2608
9086
3173
2570
3333
2093
7035
9722
2507
2742
746
8397
9863
4938
8455
4561
3701
7428
1088
7798
6379
5497
1143
9449
5802
8394
3371
1607
2275
2974
7959
3585
4875
9544
7557
4908
7292
8107
6214
8334
3115
7896
1313
1135
2085
42
3190
9751
3239
180
9193
8419
8240
2414
7818
9587
6572
2023
9088
5139
12
8151
5505
1584
8667
9247
8414
4688
4020
5503
4795
7888
1493
9804
7638
8076
2107
2836
1559
515
10134
10329
7037
8651
4293
7297
5624
7936
3809
10047
2256
458
5178
1827
366
211
5526
2317
8100
376
1625
7040
5525
3586
3756
1742
9725
6024
6004
9913
3175
92
3153
5978
7740
4526
6216
8752
3039
3913
2108
9907
9446
950
206
2173
98
4544
459
9178
3007
3257
523
4204
2501
9140
4730
8313
7409
780
5823
9851
3648
2270
7473
9082
8294
2372
1056
5576
4261
9208
9351
10253
2549
10103
2947
3934
4509
6612
5279
10252
9467
8695
5824
6058
10180
2944
481
4227
21
5488
8330
6627
4657
334
5286
9483
5004
6815
1627
5577
1344
265
2067
497
5304
2240
2645
8724
4133
7371
4831
8509
3029
4740
3705
7600
2523
3111
2557
4068
2955
3877
3942
5657
1243
4615
388
689
9056
649
1845
8799
3444
3525
6811
2678
3540
9569
6590
6441
1832
7019
2688
6857
3605
2499
6958
8069
9983
7944
858
5275
7562
9019
6912
845
10114
9526
5546
4267
3935
5575
6901
10288
9139
9912
208
9581
6253
3691
1604
5258
59
9736
8084
3673
6839
9011
8737
9612
6752
5584
8811
7908
5905
161
524
8096
8197
2130
5798
2274
2775
1325
4895
7556
8936
4456
4073
6511
7443
3665
10141
1164
7536
5113
7015
6661
812
8073
10022
9665
8135
4956
6239
7499
7243
7915
8664
6845
4309
5813
1691
9345
7207
6430
110
9514
7797
6376
4655
5734
8565
8561
718
2937
10247
7629
4359
2634
2024
10004
356
5051
3530
8133
8673
1186
3127
627
7989
569
9384
8421
8425
5174
3656
6689
2199
3538
2883
3206
1973
5314
6686
10075
5099
4145
5330
1298
8733
5010
5732
5044
2439
214
9192
2019
6369
2003
8990
7651
7467
1758
2399
7560
7992
126
5318
3825
371
410
9201
146
8143
193
2106
9905
8806
2217
8218
1546
9133
7332
9766
9660
1918
7956
5397
2090
5522
6768
9892
8522
5312
8025
8205
7439
4560
5340
1458
359
7945
3015
5325
6652
6927
6766
4631
6767
9945
9177
5906
5011
9219
8056
9310
5976
1642
2092
8201
6904
5510
5892
6272
4447
2321
3528
5043
8472
6728
3340
4807
8560
1910
7730
6145
765
976
5371
185
4490
247
3760
522
5562
9835
1396
5192
4070
1038
9053
1915
5292
9304
5765
1253
6993
9638
3991
6363
7340
1012
855
121
5648
9254
2226
9865
5579
3728
749
16
807
1340
8459
5274
7311
9233
9285
5767
1342
1426
5223
3002
10067
10038
3923
6665
6911
3627
3105
7840
2786
10277
2182
5138
5335
9508
2791
4252
3098
1833
6168
3543
4602
4379
8558
9444
5717
8613
10186
2127
10231
4147
6179
9502
7964
10207
4475
7634
7676
3770
3757
7070
9852
4928
5542
8809
6721
3258
2741
1075
3962
1573
3265
3360
6509
1506
822
1534
9175
5534
2362
4984
1943
2496
2613
5085
8625
10070
5476
4458
2473
7111
3883
3354
1227
7709
4723
631
5252
1979
7396
9323
10023
460
4274
5600
9279
1711
6618
1301
9614
6106
8961
8972
2311
10020
571
3372
6053
3146
3838
9742
8384
4417
7559
3998
8359
9241
4585
9791
864
8370
10093
7218
9727
4159
9659
4366
4703
8620
4107
7738
3503
3944
5703
6732
6809
1908
5101
8644
5067
8582
2046
6505
810
339
1669
1456
8796
8379
1521
7929
7780
7625
52
1451
312
2510
5705
6185
3868
574
8289
8932
6578
9523
2504
4078
18
8167
926
2211
2747
2640
592
67
10091
3721
257
5140
5818
2297
9516
4076
7503
1551
8532
6567
2969
4103
10283
8584
4473
8487
3320
5457
78
6100
6543
7167
5981
8236
1461
1995
5448
172
9024
9402
2513
4925
2359
4654
6290
162
7012
3891
10011
8367
7044
7373
5166
3336
3417
215
6807
9534
7588
8943
3985
2749
2916
985
8368
3326
2584
1548
6902
7165
3041
451
6883
6125
9049
5430
4613
3108
175
2795
668
4662
9281
4137
5364
8168
8992
3237
7781
3220
8239
5940
8364
2734
3660
323
5709
412
1909
3271
3766
8927
1189
10121
599
4608
1857
5649
1052
8703
819
10084
4160
6551
8008
726
2245
4347
9897
8452
4097
3664
3841
9623
5235
381
114
8844
4675
2409
2030
3142
5558
903
373
9938
6323
7172
4624
2061
7377
3551
9666
289
7367
7527
7073
10171
1021
7411
8553
9061
3429
5929
6878
6599
1125
4297
9341
1955
7545
7943
9456
3610
8451
9325
6822
2051
496
2238
2486
419
4607
2266
10222
368
8118
7983
9923
8273
5147
3445
5653
957
5568
5900
9649
6079
5881
1923
6411
4358
3500
9929
5370
3725
310
2950
1652
6196
8376
10275
3454
9317
3914
7608
1724
791
6062
7154
8070
1772
7151
876
570
8906
4488
7817
3907
9289
8872
10052
2203
4882
2927
2378
1250
5154
7237
1965
3126
5698
8036
7911
3095
1735
9611
9535
5120
3576
2544
292
10013
7230
8987
5989
2817
8248
6077
4460
5694
5772
4558
2162
7501
4811
2336
8045
438
1571
3138
4472
4566
3284
2390
1726
2112
1370
2667
6757
4207
8410
9138
3420
7706
7210
6796
10024
4859
1037
316
5263
4843
2492
5323
1239
5676
8997
6242
7825
4474
9738
3752
6596
6506
595
930
3427
4839
4670
2692
2633
7759
294
1282
6936
7792
8402
3918
6344
8328
3033
8876
5667
7008
7623
2662
2684
1130
81
5990
3978
771
1844
4946
2314
2586
3999
9287
4060
6611
8579
4348
9860
3910
6900
6727
5768
8331
8144
7161
1688
6834
3152
5995
2059
327
3464
1633
8941
4127
9009
4081
4467
4064
6342
2902
9342
1899
6541
106
7006
4062
1718
5984
10271
3981
10102
2386
4849
4142
4418
1040
9215
5086
2155
7425
182
1536
9202
1477
7809
10243
17
2643
4148
8923
7687
798
8883
9030
6761
5446
10200
7529
5967
6515
2379
5602
2253
2469
6696
3519
1694
3884
8329
1882
1977
8114
9759
4876
3062
2102
5835
4075
1591
6420
6733
10300
3294
915
7284
4695
2438
2002
9354
8142
10195
7188
9786
7586
6230
5718
6998
8734
1196
7133
10230
9044
7969
7583
2071
2861
5475
7906
1931
5374
1557
7862
102
6591
1867
3755
4074
9050
7861
9118
7615
3269
9768
9492
7114
4820
9284
10188
5093
4611
5020
7451
8588
4276
4910
1310
122
1783
6956
5834
1674
3989
7032
1875
8653
1655
7137
9111
8576
1848
3316
9844
4445
7632
6989
7699
1341
9443
2302
4166
4725
5791
4195
8702
329
6842
2516
6162
6468
6229
7389
1201
3987
7636
613
332
795
6523
7339
7725
8014
7083
8982
4001
6438
7996
1466
7568
9594
4130
1454
6598
8869
2823
10179
7434
7025
6672
3180
844
8127
1289
9842
3818
509
2312
9599
7754
2001
9903
10266
2803
1988
5295
5030
9091
1621
10282
7139
6848
4454
2764
7113
5508
6503
2123
1994
687
4109
10209
1852
3149
9999
8764
10027
1133
8139
3806
38
3856
6685
2468
7554
3667
2545
10323
9307
4756
4037
8564
254
9631
5206
1465
4934
1743
8578
6407
1246
5296
5847
9755
10110
3933
5212
3542
690
8373
10322
5080
1624
10276
4636
9489
3895
9263
4407
6555
2657
1746
9645
5328
9207
9676
7260
974
7052
9859
8403
3853
6224
1500
6473
331
4903
3800
5289
7731
624
3065
745
2121
4277
9803
3662
4251
3290
9394
5473
8094
5553
5200
10118
750
3593
10096
10194
392
8731
1350
5955
4053
2697
4929
7920
6477
5435
1871
9126
728
5248
7917
4370
4776
10078
2133
6753
6364
7668
5337
10202
448
3953
1185
4994
10029
7528
179
8175
4350
8097
722
2209
716
9814
7090
4975
7716
827
7874
174
130
6975
7067
5460
9732
94
6517
914
2424
4837
2530
6006
4027
3587
2552
9964
7502
2880
2146
1361
8882
9313
7302
3306
5999
7213
3259
3602
5418
5660
5930
4376
2893
7431
9023
9909
2171
1628
4135
380
1011
4524
2758
632
8453
6072
4104
6038
2156
5098
625
7289
5979
8422
3446
3486
1218
6494
2197
8489
5236
1566
7051
9130
2672
10296
7445
1384
4426
8705
5303
2564
379
8172
720
6980
8311
7697
205
894
8575
3282
5843
4215
3462
5084
5944
4766
3583
5346
3283
8803
4140
8672
5343
9894
5384
2715
4477
4800
929
8885
2616
342
4305
8471
8821
3240
9625
2454
5249
7833
7948
7149
1789
55
10064
4387
7537
1776
2494
328
5251
703
2415
7860
4628
2550
7034
4574
8853
3423
4162
4438
5109
393
7655
5091
9251
3621
6726
10094
8488
5158
4988
3193
4055
4710
7278
2896
10144
2610
2396
1525
10285
1812
7257
3255
6218
7471
960
4660
6043
6972
6990
4731
4945
5803
1809
10025
3878
2960
4450
7314
962
7196
7045
608
3514
9475
6978
7112
1291
2720
1252
8641
2659
4883
7140
2441
7004
3776
1333
9392
8902
4834
1277
2973
7057
9607
5655
8221
2129
8310
3855
3753
4713
4489
9939
9779
9564
5903
598
5997
7514
8300
7934
7507
4902
10341
8914
1504
8438
6566
4048
7492
3930
10128
213
3361
3110
6061
4101
8856
5961
1878
6565
7846
9552
7542
2959
1308
3159
4402
7986
4005
3402
4536
1266
3957
8714
8627
6133
7036
6586
5749
2401
31
7519
9731
1891
2444
10135
767
9699
399
10190
7343
4648
6609
245
2914
6899
6178
5000
6703
4063
3209
4838
5074
7505
5008
9161
984
1709
5856
10162
4431
1436
5493
4128
9381
4374
1887
1942
8186
7737
3680
6929
1956
6533
2215
670
849
5954
7217
4105
4720
639
8361
10058
9074
6181
3147
10178
3106
6329
2431
7631
8232
6922
7695
6449
10311
7106
3032
3225
7364
9984
7805
6487
3114
2351
7684
740
9688
5668
1322
2434
6991
3045
3905
10314
923
1144
8043
7262
2691
6222
7321
8758
762
881
9580
4152
1849
1192
2426
4794
6649
5966
2147
3747
4992
1745
3927
4661
2009
1569
1002
1081
5886
3845
7628
8395
2789
2164
117
6570
8640
9831
6457
3339
2542
511
6722
9513
9710
5386
2358
4618
7317
4659
7751
282
5609
8087
1421
3250
3729
2986
9754
4736
9993
546
4954
8782
8060
5599
8192
10242
2010
9089
772
1550
7334
2917
2036
759
8948
120
617
3695
6492
6332
4259
6421
10111
10302
589
5741
3511
2788
9761
3204
980
2394
4708
4238
6243
8411
8178
9655
8623
5047
9420
1610
3716
2446
5438
10244
2604
7971
2663
5319
8067
5127
6965
5571
2247
3603
1896
2186
5447
7975
7274
5426
7982
1767
9948
4829
6719
238
8841
5739
6001
1063
9619
925
7306
7290
609
2547
7022
2844
10241
1180
315
6215
9745
8116
7200
8348
10294
108
7845
3031
3442
8826
7620
8079
8276
6718
9343
7679
3906
9071
414
760
2413
5670
9957
6933
6306
6262
8131
7280
2144
10291
2442
9511
367
5778
8320
7310
6589
8762
3591
475
9166
3993
4858
4854
6498
9987
6943
3590
7724
3287
4163
7753
1541
4848
5733
8970
8602
8431
9358
5449
6283
6514
8213
4651
1983
9910
2587
3980
4408
5626
5480
2706
2858
4395
4108
8521
7593
6141
8760
6884
848
10210
1318
1639
10293
9112
10308
4117
817
2714
3172
3274
6374
8424
4002
295
9767
7276
5395
6644
7640
65
830
8436
5070
2458
7353
4170
4299
10130
3310
4440
3120
3793
1419
8669
8275
8548
10101
1940
8137
5606
1147
4313
1689
2080
2365
6122
1170
666
374
9555
1210
7853
7286
7653
4826
3827
2746
8599
10197
7921
4365
3592
2236
3303
4098
999
8711
635
1609
344
2421
4262
1715
2369
7299
9066
1922
9797
4864
8338
6817
7033
6866
1893
1204
8352
6713
6525
6530
4050
9646
5265
455
8442
8527
4485
10267
6581
1107
9777
3517
4772
2768
4775
5068
9920
5529
5133
10234
6859
4179
416
8652
1359
3229
7685
9236
4803
4937
5233
5745
4244
8800
6258
8708
5096
2945
4040
9917
5620
6544
4235
5884
2072
3669
3796
601
1729
6982
6144
8343
10119
6923
5185
7674
4953
3564
9148
6744
6453
140
6804
2124
9335
5819
8531
7700
5945
6695
7508
9837
8998
9031
7523
6385
9021
3308
6717
4111
1404
170
2006
8066
249
2772
6880
1630
6908
1116
4749
8746
10086
6653
3145
7661
1110
8784
2089
4508
8585
3939
9365
9352
1868
4832
932
7470
3010
8021
7159
6060
4821
7832
4308
4462
1118
9248
8154
948
5456
9570
9815
7999
1293
626
2621
9060
5478
3119
1774
8018
3022
5331
4868
6800
2646
8930
2070
6838
4577
4364
8570
244
2135
813
2925
3063
5342
3458
2043
1811
8223
1972
5574
2265
10278
2309
7868
6944
75
4865
7345
7755
3305
8191
4750
9048
967
5783
8089
9551
7402
1440
7074
4487
9372
5363
8749
4410
6639
5015
3087
7493
2419
385
1748
6124
3059
10191
10083
4382
516
4092
9812
2427
9055
4638
9046
9829
8024
3351
4770
10068
5361
2152
5396
9094
9296
590
3682
48
2423
1215
6279
1276
4830
7656
3932
5412
7477
1274
7201
945
3160
8707
754
7039
3205
6671
6442
2105
6151
4863
4221
9435
9076
8534
4591
2233
2840
7621
6273
3904
10098
2337
6401
442
6335
1544
1934
8767
8249
4118
3396
2218
9802
7714
9870
1615
8951
1265
3814
9027
7748
243
8910
10328
2264
6940
996
1769
290
28
5196
3365
9591
4578
1188
1575
4522
4042
4086
4213
7242
4023
10316
9016
7190
9172
3006
6199
2996
3090
6575
1402
10172
982
8412
2346
5962
3017
9311
3341
4044
9047
6942
7089
6873
4592
1975
10330
9888
1029
4525
7418
3392
7160
10338
2614
8974
9471
9331
7580
5327
8610
306
5079
1638
5350
3601
1595
7747
1650
10264
7197
7551
554
9298
3893
3471
1427
4645
3072
8779
217
593
9885
9558
8150
5859
1457
492
6128
8174
1933
9521
7834
9992
792
275
5682
6034
8002
3046
8789
4502
1890
9801
6472
3645
9306
6500
7258
1174
8286
1381
6999
9029
6850
6023
2842
2219
5209
6813
9333
9952
2759
3128
7478
9362
9295
596
77
1251
2304
8212
5088
1487
4906
4413
5740
4008
9326
4338
8404
847
8153
8635
7002
6992
6963
4302
6603
7644
3969
4360
850
4542
7288
10142
7972
9872
7743
8121
1286
7141
465
2303
5646
9478
1387
2069
6318
8495
1257
7030
6177
2745
953
4666
602
6008
4973
3994
6650
5780
8867
8638
7852
3054
2757
6303
966
5131
1781
1373
7215
10088
7145
2357
9886
5964
9566
7822
225
4965
25
5750
382
1858
2066
1814
3588
732
5444
563
5518
2280
5874
4517
7279
2318
1705
5554
9396
9774
241
5638
2109
2879
7799
3491
880
5470
4425
6217
9004
3565
8863
7546
2885
6096
9988
8907
326
5592
6853
6971
2535
4529
691
3499
6628
6959
9469
196
737
54
5603
6604
1556
8875
9583
2673
3405
2512
6538
3578
3922
8064
2193
3426
7497
10303
2556
2901
7229
860
10331
9624
7408
6545
6264
7441
4362
9663
4596
2204
7776
6528
7942
1364
7796
5500
3436
2286
6637
9866
387
9462
2543
8237
491
9153
7979
2041
9748
8291
4856
6338
8675
6223
10255
4850
7916
1491
5857
4476
4021
2198
2287
9884
5420
1734
1947
9715
8624
7549
9848
4052
46
2260
8508
9595
4762
3566
1217
1532
4039
8843
4455
320
9040
5129
870
588
9683
9458
9073
1132
3529
6195
5879
653
7293
9807
8304
8973
7247
462
9849
8748
3298
7752
4028
7448
11
3744
6235
5538
1481
7815
3073
396
1659
8725
8971
7990
770
2273
2004
5003
1756
7069
9501
5398
6814
4059
3612
6491
6837
10017
9355
5311
8429
4714
5076
4790
6009
5587
296
4783
5635
10026
4181
2134
3
841
8845
4930
2685
3748
3890
9212
9941
9480
4091
1024
252
2402
2103
7050
9782
6594
8901
474
3342
9855
965
1662
2180
9985
7453
6704
3840
1070
9198
5402
3693
9887
8374
5993
2537
1997
7803
5887
1727
3549
7041
1049
1797
2224
1363
4012
8813
4116
6987
1685
7256
9077
669
3337
6930
4570
9630
60
4824
5105
8152
9685
457
3557
548
2964
8866
3117
3485
789
2713
3950
1540
6827
9186
9816
7516
7765
3788
6175
6968
2281
6519
3847
7719
2915
336
662
6201
7495
8061
4388
8381
8092
3277
6156
5162
7313
3324
9670
3817
4246
2979
998
9477
3608
6413
2005
3663
5104
3024
1030
2863
7575
2723
904
131
6917
1220
2763
6792
3474
5623
10097
4781
8854
1917
9258
2234
3422
3886
3513
3157
8699
2626
7839
9648
6520
2425
3448
8920
4840
3107
947
2113
3301
510
5845
6896
7665
4169
7951
8362
5259
3130
3181
3614
2068
1410
9810
4789
6386
9180
4203
1900
2470
4464
4568
1799
6907
3778
207
8369
26
8037
9600
6687
9789
3750
3318
6377
64
6115
1117
6903
264
2870
1334
8238
1061
4989
7469
7694
4157
6475
6149
9305
1657
8267
2943
1958
6776
5087
2873
8583
4799
1683
4579
8594
9113
5499
9441
3081
8921
6952
8968
6712
3208
1490
779
5040
7305
7511
8966
9299
9495
9062
727
3675
3112
2408
9864
5746
5852
9735
1929
7084
972
6601
7205
1345
8309
7863
7360
5991
7886
7548
9437
8993
5281
8295
3198
9319
8593
7440
2110
5715
5241
4572
3460
6735
4484
7985
4668
2012
1073
9131
7848
4139
6153
517
4373
3812
1338
7192
8586
9416
6783
4997
6916
775
6373
2826
4125
2202
5037
5173
2410
8918
9880
7031
9593
4513
201
9127
8026
5188
3835
6197
6496
7937
556
3280
2081
3479
8825
10342
4270
8478
2053
10163
2478
5959
5226
1202
101
4349
4897
6064
4303
7187
803
1309
5753
1884
2406
6460
33
1184
7223
4884
7211
3974
3916
499
7042
6328
10133
1679
806
3144
197
10262
10031
3004
10237
8877
3388
1660
6556
5001
8346
2540
5924
1141
9820
9572
8430
9531
1032
2606
883
1498
2773
7407
7307
5007
2639
3912
3639
8054
8937
3359
2819
8323
6462
8243
7539
6422
6251
186
2079
9391
1920
1572
3488
7296
5326
5382
9105
15
3900
3909
3829
9191
36
2223
838
4711
420
3497
9028
6213
4809
8781
9819
2033
723
2701
2971
4746
5399
8355
6664
7281
9878
1611
9379
9373
7476
674
2595
5062
10074
5240
151
7612
8485
3917
348
2188
6996
6889
3245
513
4712
9650
6007
3523
763
6645
4026
9374
6428
859
8979
1082
4389
9615
9975
4686
9951
9257
2907
2100
3398
7337
3661
7689
4291
2629
9510
1358
3771
4810
2837
10304
1905
3410
4240
5052
1828
2843
9889
8848
311
5016
4547
9633
5658
4069
6270
9800
8747
4271
9720
4951
4639
9541
9003
1794
5459
7010
6432
10034
1686
9579
5547
5876
2882
10054
4556
1552
5650
6646
2018
6467
7504
7587
6184
4191
43
9606
6512
8501
2445
5651
7830
5064
3945
8490
2648
3908
425
8926
1913
2619
3212
3078
2655
6285
2628
6635
2995
1516
4909
7727
423
7386
5039
3016
5744
3349
3171
9924
4612
352
993
3223
3524
4904
7970
8530
6537
5926
2563
1866
6773
1267
4394
7420
1388
7980
10145
9584
3166
5217
8005
6275
9906
2967
1398
1407
2511
3086
9488
7342
8336
2212
2040
8085
4555
10040
3214
9387
4065
9781
4398
559
5909
4941
8259
2319
5910
10192
9716
4617
5885
8047
302
8399
8518
8012
5298
6362
1399
1275
8717
6394
7464
2285
846
5472
2830
5065
3382
6550
9775
3156
3368
3954
1952
6647
9406
1859
6638
913
6489
5026
7412
6221
5136
5511
7162
2205
293
8698
4153
6383
9560
5806
2140
4491
2765
1533
3861
2690
10087
8435
9081
3575
2568
7465
8308
7681
360
545
4728
4088
1027
5045
10325
2355
6714
9602
8306
3502
2694
2952
1045
7836
9833
8098
1613
7581
2605
5796
4768
3362
6316
9252
5466
9601
6765
7155
9222
7156
536
3400
10015
3792
5654
3963
5366
7597
2502
7109
954
8581
2157
9930
4755
8423
3558
4784
1944
9657
7435
6863
3408
2384
7639
7764
6155
3810
3573
1023
8608
6643
1000
5935
5121
1320
8886
7882
6268
8193
2307
3040
3256
3559
3133
3367
9793
6876
6395
3238
3246
231
6378
3938
7483
7270
3544
10043
1644
3178
10218
8566
1351
34
6111
7048
40
2471
1803
9436
8106
3644
7295
5509
267
4672
6439
2591
706
4759
7181
1376
2718
173
1830
5523
652
8839
3849
1020
9706
5247
1114
6140
5481
10193
3839
1807
8216
2599
1632
5313
37
234
4881
4448
6076
2735
551
9312
8252
9142
1157
992
10221
7038
10220
773
1194
7579
6358
9805
7857
9224
8461
9947
10132
227
6941
5112
322
2727
8824
7263
988
10125
8642
9229
2288
153
3929
203
3995
4828
994
8428
8682
9159
2208
8163
9370
4506
2999
6187
3494
9286
7381
9415
7268
8155
7072
5017
2594
7924
3466
2375
6875
473
10066
8881
2696
6862
6174
5838
5598
6065
9795
5489
2235
5642
2894
4888
5164
10227
1091
3222
3370
920
5264
1390
9654
6758
823
8015
1034
9967
1837
10137
2522
3926
5114
7574
719
6050
3668
1665
298
6081
7421
9940
5029
5345
5807
2461
8897
3555
6206
4493
6426
9895
677
981
3055
6039
3050
5329
9627
2515
4507
8055
7702
7168
4202
3343
7275
2953
6508
3824
2778
4557
4254
9473
4916
1538
7877
4886
8030
9879
6101
7686
2857
5055
5514
2890
738
1464
9036
2732
10307
6164
2536
9935
422
4610
1567
3968
4752
4532
5633
5942
9195
543
3176
6759
537
9122
1861
8649
430
6679
7875
5421
9303
3743
2075
2050
6482
7660
154
2654
7902
80
1262
7960
820
8184
90
7227
9914
3487
9022
5552
1131
4771
8952
6667
6310
3990
2770
699
9455
5050
1076
7795
2957
9327
7794
1115
7745
5752
3036
7120
8555
5840
1590
4518
785
5181
4874
8735
9787
7543
6700
3406
9529
8600
6788
8663
8980
8995
178
2172
2703
4563
9705
2255
6320
7259
6137
1416
2282
10124
8170
256
8517
1821
6893
8013
9525
1041
5347
1160
8349
7512
5700
10159
1785
3068
1990
2839
717
5849
2213
1208
4200
5617
9540
2056
3018
4011
5432
2997
1793
3093
8396
1489
7177
4715
1072
5695
5684
5244
1375
5257
922
2681
8117
3028
9204
8986
1197
2777
2930
9785
742
5245
7994
1450
4421
4606
5271
6641
10205
5855
1865
9451
1124
5963
892
3764
1847
1577
9423
9039
10001
6872
57
3465
1643
4889
7102
1678
183
5779
2327
2799
1142
7968
8900
9282
10092
8499
8739
6666
769
2058
683
9424
2966
8604
7566
354
370
10077
1226
7170
5224
8029
1594
9681
9006
4940
3357
9547
1974
3653
2165
5450
3470
361
5712
3600
9896
931
6463
8088
2293
3135
2150
8838
7524
2452
5756
1238
2376
8158
4622
591
1503
4677
1740
6746
2328
3314
1248
5071
8467
4182
9321
3899
7952
2871
8847
3580
1916
3148
27
9185
1191
887
3281
3233
8473
8726
6305
7966
6642
1484
8981
2200
6675
1042
7827
7395
1297
4371
9971
6702
7222
725
4080
5300
10223
9395
6742
7013
5742
4343
6775
8727
1211
9465
4545
2246
2214
3421
1629
4614
3188
165
9711
3533
1984
7157
1696
6931
2771
1641
7561
9274
5355
7129
3805
9752
7462
5877
8481
2977
4689
5787
3381
6301
5415
4217
6357
6785
8535
8723
1549
486
1290
4289
3123
9328
6446
3546
6107
5502
6409
8757
9318
9576
4323
4435
6180
8772
5825
1692
5647
4399
2992
4341
1695
9054
8677
1588
5928
2850
9360
2407
2498
5706
9109
10235
8063
1906
3453
6874
4514
421
1205
2330
6474
8865
9943
4588
8598
8630
8447
9733
788
8460
766
408
6891
8268
2895
9925
5413
6915
5433
5671
8302
5595
1137
7598
6852
6131
561
8842
1326
5469
10085
10196
550
3244
8253
1514
8577
7814
6016
637
5918
3798
10215
5381
10018
4396
5862
8090
5231
5225
5948
2324
1046
1315
6207
6478
2990
4763
944
9485
1035
6003
9672
2920
1810
7079
3687
495
783
1751
3411
6655
1055
576
2682
3044
8227
9519
7758
7193
2877
6816
7331
1822
2686
872
9828
3014
4301
2398
3722
8665
5049
9959
10219
5898
6414
9709
1945
5453
5230
8744
8857
6444
1989
216
6825
8671
8333
4155
8051
494
2856
7225
8648
1175
1372
3797
4121
9041
9950
1158
4446
9703
2649
7383
4281
8324
184
2308
10260
4548
9364
4409
6657
50
8386
3631
9309
8571
9853
8836
2938
3248
8148
4634
5616
237
259
1409
1838
6674
9574
731
5921
9994
9822
1739
2167
8741
7424
1690
6282
8035
1304
7641
4353
261
6844
1171
2801
10203
3387
8912
6337
7163
1145
3457
2710
10175
1564
1413
5153
8023
6677
5714
1270
7810
4663
6015
1618
7981
10280
3322
9764
7056
3236
7485
3077
4124
3767
5095
6092
949
2988
7870
1031
4583
4123
402
1501
7553
1232
3049
7422
6027
2306
4266
152
7169
8342
3801
3846
3012
2283
3150
8065
1539
4498
8661
2252
6099
4232
8274
5180
9512
6921
3358
9806
6723
8325
7622
7806
1898
2827
4432
8935
3275
9567
902
3545
7118
7148
7277
8958
10239
6246
6729
7329
1092
3335
9422
10295
9059
5998
2028
8794
5315
1513
10334
5781
9490
8818
5664
2658
4960
7359
2700
9717
9154
10182
7320
4503
7150
4511
9893
10174
2220
8299
1283
8771
6139
9363
8017
3826
3579
7961
2532
3317
8226
1879
6154
4007
1230
1585
1389
10206
47
5889
105
6791
8925
7017
2014
9240
6640
8149
8219
3512
796
7063
824
2760
4468
7328
4968
5810
9014
10261
9661
9283
1583
7578
757
959
2007
5437
9996
1366
10147
4923
5794
7897
7526
8417
5333
91
3418
5811
8666
1656
3395
587
433
8390
3620
3080
7496
8634
5582
790
3385
1768
4236
3191
7987
2136
9134
696
671
3311
3162
1700
568
8257
2918
8179
2994
191
6045
1369
2767
8287
1957
7690
1336
10138
23
8916
2702
9821
5627
9730
1968
6022
4346
5471
9280
4567
787
5634
1323
5589
1435
8793
5184
4102
3607
3262
801
273
4411
5027
3736
3520
505
5463
2352
6651
390
4300
4825
4208
6036
3201
6046
2383
2553
6476
1219
177
7304
4751
1716
623
5980
6602
6203
3056
3763
3463
2783
7144
5912
8816
6576
7336
7693
4019
5713
1431
8785
4985
1473
1066
2279
2949
10129
1182
1048
3104
6522
7576
8266
6138
2021
1392
7108
9726
8326
4693
8164
4955
3643
6150
5550
4673
112
9461
5306
507
10048
5535
4922
5110
6152
3650
3903
4814
5953
4846
3702
4164
5933
10056
4637
1846
4337
2175
4307
2054
2722
2248
9012
5830
118
9875
1065
2841
4972
9702
456
594
6040
856
2813
5837
6558
911
3074
7065
5111
9065
9035
2576
1287
6458
1470
9760
6271
9434
4228
3522
3185
5637
9724
3967
10233
2831
9546
1701
5528
8685
4943
3972
3754
8206
9266
5896
6600
2114
7949
9597
1755
6260
1347
983
4339
3828
1524
7244
6493
6314
8659
3850
7635
5107
8808
125
6994
5721
6173
6033
5242
6370
4141
10072
3183
4737
7800
9527
9181
10245
1517
9108
5680
5890
8254
6485
8915
5387
6542
3742
4469
188
5376
2815
4867
708
9704
10229
9656
1138
1060
8969
8246
5285
8058
2984
1904
3515
9890
7394
1150
8637
2183
1085
879
8551
9995
6225
815
4250
9549
1237
2975
10268
1278
4724
8756
2913
9694
3363
9698
2581
325
7498
482
10169
5310
8537
4599
5720
10153
3858
7733
4294
5193
4325
6623
8382
1605
8656
4642
1747
351
4584
1925
5958
611
3043
7663
1666
9256
8829
8365
3366
3595
577
4340
3859
1870
4430
8225
4924
6200
1391
4641
6194
8738
8878
8491
809
6879
10069
6970
2929
8647
758
6484
2980
297
9991
1279
2062
2792
3116
7978
7410
7309
6387
555
7571
429
531
4328
1437
917
6957
4280
3161
4072
1386
3455
9367
8657
2474
5693
6158
3030
1083
7105
9753
695
73
8321
10310
8852
4620
6527
3966
640
6238
5229
6355
3759
8110
1883
4054
8628
431
9038
10256
9408
8879
8674
1570
2428
3924
5757
7488
4096
5462
3375
10290
1911
2534
8713
6577
3082
10146
1992
8994
701
1802
6841
5869
3060
7645
9931
4175
3973
2168
8129
2485
426
5777
2459
9949
2363
158
8533
3263
6985
4480
8483
4386
1148
1676
7912
7592
5555
7393
3394
5278
3619
260
5380
6846
776
3706
5025
139
9174
2956
8358
1346
5431
5607
9315
2276
1136
8016
8080
9498
3802
6964
1093
4793
9037
8605
7540
51
9440
6762
6821
405
1071
6233
4878
4245
1603
724
6786
7059
10042
9968
3064
937
6302
4114
1480
5458
1356
2623
1447
278
3480
6259
1429
2774
9507
10286
2872
5227
3775
9231
3475
7790
2331
9669
7366
4391
9605
1714
751
4209
1836
1885
6182
3866
24
5297
9596
664
5669
8611
8736
5557
7841
3407
4914
5908
6368
3865
6573
7011
9068
4813
10226
3264
4212
6013
8700
8492
7838
6780
4580
2257
575
5485
7232
6488
3714
4576
5416
3822
8443
573
8284
6311
3390
10003
6205
5060
8147
4356
1675
1010
3594
6810
164
1623
1393
6448
1616
391
8891
1094
9635
7269
4136
8480
5652
8269
1247
4605
9565
3820
2305
2926
8477
9901
3052
1455
8354
7486
5494
6782
1599
10327
8479
5920
8278
9990
8502
1646
6625
5597
1661
544
8031
5580
4126
9881
4393
6129
1022
4006
4635
6252
2403
7894
656
7158
2117
6281
8426
5189
285
5321
1
6208
5911
1717
6864
10161
8606
7091
8091
39
4798
2370
3103
3704
4705
916
10082
5866
4633
8780
4345
661
2555
440
3611
10051
502
3521
9242
111
4015
372
9064
5175
9371
9276
10057
8159
5316
2104
4719
7867
9033
1519
9448
9813
10339
9762
4804
1999
358
8409
8728
10036
6083
3254
939
1829
2433
4286
1626
10273
107
3707
10326
4284
4697
8034
5916
8245
7766
2055
6354
5056
3211
8003
1622
10265
8251
4727
2094
345
10030
4818
3574
5846
7616
7891
2689
8947
10257
9079
8770
709
3562
8050
3807
5590
5149
8769
645
5560
586
4496
1007
1835
255
3353
4085
8722
3733
3291
6636
9107
8709
4669
5406
383
6678
8053
8871
4699
3266
9637
6743
4619
4950
7456
784
636
319
9123
7484
2932
6847
9302
6798
1244
5362
5759
8639
246
10055
4314
5221
9729
583
2517
6037
7020
854
3789
694
7489
9083
5936
1025
95
7348
520
3328
4171
5207
6539
1752
9428
7913
8319
135
5089
4767
4722
7779
150
1064
5002
8629
9487
2514
6751
7723
7461
4194
764
4687
1018
7303
1723
4471
9294
2806
9007
6391
8909
521
4936
5216
1154
3869
7124
5673
7626
1159
476
9324
869
7466
8609
6261
9868
5401
461
1782
171
1850
5537
263
5339
2527
6894
9979
1444
5187
5465
908
8371
2852
1937
5194
10346
1103
1089
2793
2751
885
4880
4887
3129
8427
7224
3235
3799
2954
7068
6070
83
2717
6688
1168
5422
2411
5021
4734
8405
8646
10095
6663
6622
9559
1109
8802
604
2529
1938
1327
1597
6380
7734
5512
7718
5058
10336
2600
7895
9072
672
5545
7312
6236
5389
1967
5724
7749
10136
9556
5455
958
3228
1166
8497
6397
8001
6454
942
6524
7871
1825
2290
2630
4342
2356
133
6231
6748
8506
1177
941
8526
6829
2344
6388
3710
955
6382
6571
3234
565
9001
9390
5250
7646
4138
7375
9157
1820
3484
6361
1139
3158
1697
2277
4119
567
6410
1927
4745
8132
839
3654
10150
6287
6366
8745
9589
4061
7666
5974
6632
4969
3132
4214
8607
8831
9399
2296
5171
2908
1780
6352
8372
7594
4315
6699
3738
1951
5495
223
8468
3430
6300
443
5169
6109
5559
6797
4344
189
3982
7457
10184
1281
5988
6087
3534
4428
6510
1712
1415
8462
9692
9426
6871
9152
805
5614
3618
3550
3026
878
1054
6346
10158
2131
9052
3635
3741
1954
10165
5549
8898
4861
1766
3432
5115
1881
897
7688
5201
6424
3332
9613
5789
5353
8859
10317
2921
6919
6211
3947
4220
8676
2132
5839
1749
6937
8083
5532
2624
1121
1969
9693
9677
2845
5198
417
753
8375
10151
8279
7452
2271
7250
3155
1043
8730
7077
540
469
620
9539
8183
7423
9253
7369
10349
8550
6831
9505
6324
198
8832
1535
5141
1200
6561
526
6536
6435
1428
1003
2695
8113
6165
8795
6656
2699
5358
6770
9273
8913
9882
2185
2737
270
1059
5218
6436
5540
7085
415
6803
136
7318
2934
4732
2268
6521
1760
6507
450
3936
8229
5864
6691
5672
9020
5566
3356
2963
10201
7892
4016
7480
7513
4332
8415
9883
9634
6240
9470
7255
8463
3599
3170
8849
8523
1580
1966
552
1806
8392
9359
1163
5082
8195
7117
6548
2382
1183
4694
3165
9150
4716
9085
9756
7178
10254
70
7322
2166
612
2627
1099
8203
5237
6105
9230
2539
7245
1233
9691
6898
8498
6951
6190
274
7236
3685
4726
63
3057
688
2881
349
6464
7325
403
2493
7429
4
7482
4264
1645
4870
9156
3249
2210
2035
3960
6938
3467
1068
2590
5215
397
4296
9869
1311
659
5032
353
9164
9714
5800
29
145
4122
7710
734
4515
934
2447
6579
2500
6073
1976
8632
220
337
2137
6529
2506
3880
5083
4594
6176
157
8231
9378
643
6418
2548
4283
4372
447
606
4680
5393
4986
10045
5797
9743
5137
6028
2037
7212
4035
5570
1400
6089
9214
9466
5941
3616
9826
8401
3164
4206
8040
8572
4609
4676
2098
2712
7564
9978
7525
6017
8860
8559
8834
2120
8855
3686
8587
7627
2559
6629
799
2025
8099
6877
9524
8156
3481
1930
9401
5769
9604
1986
436
9479
7123
1362
7521
5748
6977
4621
6044
9493
7003
5588
508
6220
6309
1165
8418
1508
4652
802
4812
1961
1486
9429
1234
9763
5482
8988
3984
4317
2291
2835
4919
7291
3717
1221
3085
181
553
7813
6339
6698
3197
3596
10289
3700
5766
7590
1014
1839
7221
4696
9497
8601
9712
2923
2258
5291
5203
1801
7850
8983
2116
7824
5150
8616
1670
9124
5758
2987
6249
71
2206
10309
633
4653
9418
8549
5755
9628
4226
3637
6393
9719
8539
6715
9668
1474
4268
2339
3684
2490
1259
3867
1008
7954
9734
614
5176
5484
6961
3501
2143
1053
8804
9197
7226
3681
5270
5865
10155
4792
9135
1602
8247
10157
7532
9973
7927
4224
5541
1612
8044
6885
712
3983
2670
2480
7385
281
4066
9265
9314
7024
6427
3988
8567
8755
4966
3433
3083
5403
2762
6828
821
7475
1086
5205
7926
7958
6928
8433
4623
286
3194
743
4427
6892
2361
4329
4180
9346
7675
8765
9839
2869
5283
4971
2617
7330
7001
9308
4009
6559
1877
9509
1414
7935
936
6546
7384
6247
2752
9075
9867
4533
890
797
7481
525
3118
8298
96
9618
10164
7382
5102
167
4674
1236
1019
202
7670
3931
6614
5901
2374
5888
7018
3628
7206
2315
928
8899
4030
9264
6849
9182
7027
4701
8145
8105
4970
7611
3554
8706
7391
2477
2207
3537
1677
9128
6020
541
7609
5022
1119
752
4196
7273
3069
5143
7287
3819
9955
8686
2154
2846
2333
5952
6189
4384
9093
68
2299
693
6112
1080
2231
1620
5795
7100
2821
1773
7510
4057
1235
7802
6093
9189
8200
868
1090
3276
2632
5161
1924
2509
6724
7261
1224
9432
5408
235
128
9506
3404
2405
3765
9684
1834
10211
3951
3731
9114
6495
3425
6832
5814
378
88
9144
10324
8989
6406
1554
5897
1704
5891
7404
6298
5735
2488
794
1485
5273
989
1016
4495
484
5685
5260
3013
6865
4010
471
4627
730
9468
3213
1449
8270
9757
6631
9825
9811
9100
7603
8510
3897
9221
7398
8281
5914
9873
9573
2348
2736
7729
5256
6191
4321
3459
4306
9026
7183
6307
4554
163
1805
283
5581
9809
104
8819
8631
535
7454
2440
3694
2373
8547
1526
2754
2900
1872
1360
9491
287
2653
7185
2593
514
6582
1649
2320
9043
6701
210
454
3613
1600
2451
7126
291
2347
7619
1305
8344
4089
116
4801
1475
8169
5782
487
7788
8166
467
1993
8006
3416
4912
2008
7285
4188
3623
10320
2190
7298
5464
2086
10269
4223
6419
1377
9095
4242
1698
4706
542
7900
7203
2142
8161
3286
840
32
3449
9966
8505
5388
10318
3134
1332
4885
9388
10344
1203
501
4004
9117
5970
4046
975
6531
2489
3200
6932
79
3443
782
2903
7134
2666
8234
1126
8445
2194
2049
2905
166
6740
8228
6042
2622
3476
1761
6802
9746
4501
9662
9183
7664
8696
9843
5477
6608
6820
10080
7950
1127
6372
1321
142
3230
7654
1511
2698
2724
4980
1222
4917
4535
1840
3659
4018
2099
5046
1901
1515
4400
1424
8318
8292
5005
4420
9773
1818
3678
8507
6402
9339
1005
8347
9165
2716
1106
8933
9316
1101
6204
924
3505
5170
9845
3380
863
7962
5736
9553
741
9997
9300
2946
3195
5033
4352
8892
3469
7844
2456
6381
4478
7142
4033
468
7726
5307
1353
9568
10263
6741
6648
3941
4927
5183
5524
3879
5850
6974
8340
1601
10297
4851
6250
4304
3125
512
7757
2592
7103
4802
1537
6926
2262
4287
8603
1462
6308
6371
7086
1919
8546
1261
3389
603
6935
8568
8316
439
9963
9626
144
7893
9641
7789
2985
2911
6295
2464
4931
8486
3674
2519
1087
8454
2561
3703
8975
7300
4520
239
3393
1095
899
2912
816
7977
2731
1592
2392
5773
1401
280
7819
4424
2898
6946
10345
7294
6739
8996
8046
1349
3386
9232
3553
6613
7110
6684
8787
3493
1448
9946
7007
7251
2541
9269
8315
2865
9217
2229
530
2169
3571
6905
5266
4225
8260
8398
8957
1047
2391
5483
7116
6132
5956
6621
4571
9834
5191
3708
6754
10016
7584
4915
9227
5808
4406
6615
6887
3218
4403
10298
2170
8377
4758
1001
676
3005
168
1379
9407
5208
6365
7976
3777
3373
2443
357
8788
1640
3096
3482
8130
851
375
3179
826
9908
3948
1405
4056
8449
1558
5253
9268
5042
6241
7783
4049
3272
6855
952
4043
5168
5400
6210
5332
1411
3447
4154
10049
8383
8277
1962
7953
6658
1914
123
22
4649
2721
634
1733
1996
3842
6288
3940
9974
4295
1664
2412
8285
7472
4907
2578
4562
2189
1339
8437
4733
218
2618
7182
9824
6186
8363
9818
9160
9051
9162
4962
4765
100
9561
7973
3221
7793
8655
7173
3921
5367
9874
8503
10313
2804
7380
7064
4375
4368
8028
6547
4451
3901
1062
6341
10214
8833
7851
4995
1355
6504
1067
9228
10115
5640
7599
7414
865
8896
6312
277
8160
8797
8917
3163
8520
5583
778
6029
8224
4422
7055
1775
1206
2148
3692
10100
5842
1385
2743
6913
3958
7417
6113
10131
6584
3243
1941
194
7315
8949
7195
1122
3319
4031
240
2805
8385
230
5971
4231
6147
1294
7696
1317
6080
5373
6063
3021
3089
7682
5860
4218
1671
6466
7831
4131
1598
8754
9482
3698
3902
8290
825
93
3689
6266
1507
867
9592
2638
493
5826
3937
663
6654
10008
5255
7811
7812
10176
8138
6110
1446
5368
2566
1553
9741
335
463
10113
453
7784
2683
5394
700
1028
5533
7933
363
4541
9301
7883
9199
2909
10281
8850
3633
2951
1161
2876
3307
10108
4805
5719
8420
5517
4134
2919
9783
8350
35
338
9460
4219
748
3955
597
7914
9969
4355
9336
3666
8874
5103
7164
115
268
2263
4106
4442
4709
8242
6091
6659
6610
7522
5338
3874
4871
2364
8317
3837
6350
9904
647
1199
4173
1693
5159
5145
7585
977
4381
4983
3477
560
6334
6136
6947
3779
6680
7388
919
7354
10050
3472
4977
195
2676
8574
1843
7249
1762
4893
3167
9380
1545
10181
3023
7856
4590
2924
7946
10059
3762
1260
9187
10292
5604
1443
7965
2531
5681
2588
4318
7995
9413
1079
8701
2847
5479
1565
6404
9636
5429
4869
2329
7648
8465
5683
9145
8950
5436
1483
160
5854
6681
9293
9476
4597
1272
8009
5925
1111
4952
3383
7021
9958
10021
8827
2520
3535
7715
3009
1889
8093
9918
6939
9275
2862
9404
1757
5531
4684
9667
6291
5689
1162
3527
6709
9647
8693
